9
-1343
-1741
1987
950
383
-338
1140
1666
541
515
-440
-1559
-1185
984
553
1338
-755
1253
-507
-1696
-1222
-1036
1615
879
-828
-1490
1305
514
-1051
1764
1119
-1239
-1493
-376
819
-835
-729
1136
1152
-1039
-1591
1280
1517
1483
-166
1426
-153
312
-38
-1452
527
-1482
-1353
283
1076
1488
-74
-732
1200
1418
-1148
1471
-25
969
700
-387
401
1653
31
1758
1308
-441
-1226
1292
-663
1816
-1970
-269
-1788
635
123
1313
-562
-742
1958
-1430
1704
-1385
607
1284
-1376
484
-764
-1230
-1146
107
-925
1025
-1583
612
235
-902
1247
-939
395
47
993
774
1812
-183
176
-921
626
502
1303
964
-1098
-1342
-539
1052
-826
1833
190
886
1061
399
-1953
-1981
1736
288
-1372
1393
-1435
-967
1248
523
1904
-126
92
-1354
-1196
-935
978
750
78
1797
268
-1607
-1297
-81
1437
137
-712
-706
-1244
309
926
67
1756
-1515
-1144
-1097
1250
1830
313
-266
1724
1434
-93
-1721
332
-1782
225
939
-1731
1103
-932
-592
727
38
-793
57
-1930
1214
-1286
1888
-593
248
-820
-1211
-652
-1781
1891
1369
-12
-178
-478
-223
-1803
1412
-1935
-1061
-1565
-1299
-1665
-256
1353
-1215
-924
-714
11
200
-1085
-1102
-1536
-853
-348
-1175
1031
-238
-698
894
1444
-477
715
1768
655
981
-355
-1246
-703
1578
522
-1841
-467
-1993
-747
1714
280
1934
-776
-1784
533
-332
-1310
-1227
-741
1530
1387
-629
-1579
738
1350
-1615
-884
-1801
-1988
-191
934
-397
-258
656
1492
1808
-87
1952
-1204
1265
-489
596
1667
-1259
740
167
1611
-1062
1502
-831
487
-702
377
-1132
470
691
387
-1658
1201
97
345
-1649
667
1716
-515
-406
-1063
393
1213
951
1357
-442
1482
-1314
-450
624
-1001
1975
-1279
-1919
341
-1906
1427
-1909
1801
764
90
-20
-98
-209
1014
-1916
1945
865
1259
-744
24
-1193
687
-822
-101
-495
649
-90
498
-1075
1552
-1795
-72
170
-1918
-1924
-340
-1725
672
610
1266
-754
-1866
-181
-1006
1260
-844
319
-619
1090
1045
763
410
-1774
-1783
205
-1428
-400
908
-1714
-920
762
1254
893
-1738
-1998
-1032
1323
-392
-1973
-1396
-1706
1085
-210
-1274
-955
1173
-693
-1128
131
227
454
508
1242
-756
-145
-416
-21
-61
-1894
-1133
-1862
904
-869
-1187
1597
788
609
1982
-1765
-1898
-1395
903
1593
1317
1331
1420
-1517
1953
-136
-518
-1940
-1821
-1074
-716
1712
1003
1527
1544
-1863
592
-533
-1489
1759
477
-1208
1592
-541
1455
1270
1824
1546
800
1553
1777
-107
-373
-473
192
-148
1828
1275
1186
-1109
50
811
-1487
-1533
-1164
833
2
825
1576
1058
-1594
330
873
662
-545
-983
564
-997
1540
460
-277
-1231
1651
-1171
256
282
1961
315
1155
263
-297
-1653
1184
-803
474
1554
1570
-594
-1554
-1917
942
927
1950
-1747
-1543
-704
-58
567
-757
1850
1477
-1272
-1216
1363
-1172
-377
-506
269
1415
-1520
485
859
-1680
-279
-1871
-1399
-1734
-1933
-1753
949
618
-188
1912
1348
-380
828
602
-135
30
-1356
1302
-544
1039
-964
-877
1379
-1726
-914
-1718
-642
-838
1499
1105
820
1772
-752
-24
-384
1112
-1269
451
-1202
-185
-1722
1531
847
1452
-553
-773
-758
-1241
757
-309
1191
-589
-1380
858
1887
1392
1115
1793
1059
1903
-854
-609
-947
-1938
-1328
-1388
-227
1800
215
-1622
599
8
739
746
160
-1642
1038
-169
1817
172
-255
954
-1437
1518
184
-1785
-306
16
-1526
-721
-484
-829
1686
-1270
-1275
587
-1762
-943
-1631
944
1307
-329
1133
-1139
1367
1799
-1498
1129
1685
761
-414
385
211
-112
1345
-323
945
1476
851
-1746
-1327
1558
1927
-765
-94
-978
-1946
-318
-1464
-1626
1619
370
-726
105
-1033
-1404
-1086
70
561
-1331
1157
639
473
799
-1542
832
488
-1477
861
-981
-413
-105
-1843
1278
-361
1401
-1824
-356
-481
759
-689
-959
-1699
1863
-1045
1223
-782
1088
-1349
1644
1375
-700
1733
591
-1313
15
222
875
773
293
-1564
1783
1044
771
428
-526
-1563
-626
-1153
1678
-676
-1124
-1405
1718
-474
440
1559
960
714
-254
1122
584
-896
1519
-8
-5
1051
1194
1324
-28
-1453
417
-1088
-984
-1021
-1251
816
74
1739
446
631
-1833
-1578
-630
-1775
-1707
-104
-1950
1852
786
91
-1107
-1420
883
71
1373
-241
-760
1561
797
-317
1969
-743
-633
-847
-240
1124
-1980
61
-1877
-937
405
-1556
-60
554
-615
-30
814
338
65
-650
-250
1746
356
1468
-502
-284
654
1921
-961
204
1751
-1002
1999
-1584
-1084
573
-769
-1952
-561
-1038
-1384
-236
-913
-1966
-1625
397
317
871
1343
-488
-641
1951
140
-805
1919
-124
-1472
1054
-260
1153
-196
-95
-353
396
1629
307
-688
-1855
-1263
-433
-751
1383
-276
-1189
1603
-1497
-876
1579
603
1175
-281
-818
-1745
1555
1277
-1058
407
-1081
1435
1098
85
1715
-221
772
-1236
1440
1516
1190
1008
-1664
-1597
-272
801
-79
-436
-1466
323
-1283
-1427
-1751
-1850
1725
-1539
849
864
1943
1960
-1883
1997
-1023
1955
1086
1601
-244
237
-1604
919
1125
185
-819
-1683
562
-858
712
-1861
-190
629
1399
1162
1543
-670
709
310
1501
284
-1976
-1375
723
-1560
-1595
-1425
-1830
-551
1907
1000
-558
-6
-1587
-215
-1628
-222
807
-1357
-807
1627
-411
-1059
-988
-1179
1522
-1415
-746
1172
5
-1951
1930
1130
1814
327
365
-1644
1683
-1247
675
1463
273
-1621
-1105
12
-1546
1625
1460
-1096
-1908
-1213
973
1101
1574
1217
1055
1933
-122
-1789
367
-1367
1267
2000
-597
389
1459
437
1428
1661
1965
-528
-1229
1512
743
26
697
-139
-1224
230
1047
-449
-1513
-432
1674
-778
-1983
369
537
58
133
-1255
948
-996
-1571
99
1414
-1169
620
1914
-1638
-501
1165
-352
